102117
100513
100571
100544
100591
100594
100653
100674
100660
100630
100591
100594
100624
100661
100691
100750
100802
100931
101084
101238
101380
101544
101675
101832
102006
102132
102248
102430
102617
102816
102986
103161
103308
103476
103639
103808
103952
104104
104253
104411
104565
104721
104855
105028
105186
105348
105478
105614
105738
105829
105937
106068
106185
106303
106399
106485
106553
106622
106688
106717
106755
106756
106738
106728
106720
106715
106720
106746
106770
106804
106833
106860
106874
106865
106864
106844
106828
106794
106794
106790
106800
106798
106797
106779
106750
106719
106700
106689
106682
106699
106708
106727
106734
106745
106744
106735
106719
106700
106689
106682
